Date,Pm
2022-06-21 00:00:00,-44.0
2022-06-21 00:15:00,-44.0
2022-06-21 00:30:00,-40.0
2022-06-21 00:45:00,-44.0
2022-06-21 01:00:00,-40.0
2022-06-21 01:15:00,-52.0
2022-06-21 01:30:00,-52.0
2022-06-21 01:45:00,-52.0
2022-06-21 02:00:00,-52.0
2022-06-21 02:15:00,-52.0
2022-06-21 02:30:00,-52.0
2022-06-21 02:45:00,-52.0
2022-06-21 03:00:00,-56.0
2022-06-21 03:15:00,-52.0
2022-06-21 03:30:00,-56.0
2022-06-21 03:45:00,-52.0
2022-06-21 04:00:00,-56.0
2022-06-21 04:15:00,-56.0
2022-06-21 04:30:00,-56.0
2022-06-21 04:45:00,-56.0
2022-06-21 05:00:00,-56.0
2022-06-21 05:15:00,-44.0
2022-06-21 05:30:00,-52.0
2022-06-21 05:45:00,-48.0
2022-06-21 06:00:00,-48.0
2022-06-21 06:15:00,-48.0
2022-06-21 06:30:00,-52.0
2022-06-21 06:45:00,-60.0
2022-06-21 07:00:00,-64.0
2022-06-21 07:15:00,-60.0
2022-06-21 07:30:00,-64.0
2022-06-21 07:45:00,-72.0
2022-06-21 08:00:00,-80.0
2022-06-21 08:15:00,-84.0
2022-06-21 08:30:00,-84.0
2022-06-21 08:45:00,-88.0
2022-06-21 09:00:00,-96.0
2022-06-21 09:15:00,-96.0
2022-06-21 09:30:00,-96.0
2022-06-21 09:45:00,-100.0
2022-06-21 10:00:00,-96.0
2022-06-21 10:15:00,-104.0
2022-06-21 10:30:00,-96.0
2022-06-21 10:45:00,-96.0
2022-06-21 11:00:00,-100.0
2022-06-21 11:15:00,-100.0
2022-06-21 11:30:00,-100.0
2022-06-21 11:45:00,-100.0
2022-06-21 12:00:00,-100.0
2022-06-21 12:15:00,-100.0
2022-06-21 12:30:00,-100.0
2022-06-21 12:45:00,-96.0
2022-06-21 13:00:00,-96.0
2022-06-21 13:15:00,-96.0
2022-06-21 13:30:00,-92.0
2022-06-21 13:45:00,-96.0
2022-06-21 14:00:00,-96.0
2022-06-21 14:15:00,-96.0
2022-06-21 14:30:00,-92.0
2022-06-21 14:45:00,-96.0
2022-06-21 15:00:00,-92.0
2022-06-21 15:15:00,-92.0
2022-06-21 15:30:00,-88.0
2022-06-21 15:45:00,-92.0
2022-06-21 16:00:00,-88.0
2022-06-21 16:15:00,-88.0
2022-06-21 16:30:00,-80.0
2022-06-21 16:45:00,-84.0
2022-06-21 17:00:00,-76.0
2022-06-21 17:15:00,-80.0
2022-06-21 17:30:00,-80.0
2022-06-21 17:45:00,-68.0
2022-06-21 18:00:00,-64.0
2022-06-21 18:15:00,-64.0
2022-06-21 18:30:00,-64.0
2022-06-21 18:45:00,-60.0
2022-06-21 19:00:00,-60.0
2022-06-21 19:15:00,-60.0
2022-06-21 19:30:00,-56.0
2022-06-21 19:45:00,-52.0
2022-06-21 20:00:00,-52.0
2022-06-21 20:15:00,-56.0
2022-06-21 20:30:00,-56.0
2022-06-21 20:45:00,-52.0
2022-06-21 21:00:00,-56.0
2022-06-21 21:15:00,-44.0
2022-06-21 21:30:00,-40.0
2022-06-21 21:45:00,-44.0
2022-06-21 22:00:00,-40.0
2022-06-21 22:15:00,-36.0
2022-06-21 22:30:00,-32.0
2022-06-21 22:45:00,-36.0
2022-06-21 23:00:00,-36.0
2022-06-21 23:15:00,-32.0
2022-06-21 23:30:00,-32.0
2022-06-21 23:45:00,-36.0
